2.103445028751607548e+00
9.525006274645113624e-01
2.666501116479749456e+01
4.390815947966364519e+01
7.423053277521673987e-01
1.174295954543652165e+01
-3.448033798138095407e-01
3.103707922789114448e+00
1.179569196684302668e+01
6.287515866617793137e+01
8.442804536034540508e-01
1.375730024905358917e+01
3.199735382548951623e+00
-2.921134230627175921e+00
1.461052380901917047e+01
7.409804060992757968e+01
9.481098232957676508e-01
1.498495754773162325e+01
-4.452162564427813995e-01
-3.057148615812705472e+00
