6.226838005353559913e-01 8.957199487727954823e-01
7.404584038730634976e-01 8.413111202572564062e-01
2.750735692190432458e-01 1.098931403033049703e+00
1.806514843432518225e+00 4.922921812919467954e-01
1.166726550260527739e+00 6.934768195748847175e-01
9.636710045670199287e-01 7.751125768687893158e-01
1.747244169712109940e+00 5.108645555585669129e-01
2.892560466483704018e-01 1.097504636406413381e+00
1.333375236876778613e+00 6.458403191450562408e-01
1.223122355547813234e+00 6.852500675318884404e-01
9.215674513288113490e-01 7.867424143969650174e-01
1.441106628571283244e+00 6.136834396839774275e-01
1.967340580905646008e-01 1.183107201739580061e+00
1.698959796061404903e+00 5.203665229287826044e-01
1.289207878095741111e-01 3.862585129965212527e+00
6.956038155098038800e-01 8.716333377262512894e-01
9.050945335457584173e-01 7.950634604903555891e-01
1.710570587290914935e-01 1.298187299533905881e+00
1.109203101587428630e+00 7.185450551084242576e-01
6.030916632740910277e-01 9.036378146557668689e-01
1.814474865750530741e+00 4.757756503749512311e-01
1.520642670250817119e+00 5.838102042739898856e-01
4.598166582550759496e-01 9.893905385221395399e-01
1.041823246906408151e+00 7.335462208482945723e-01
2.698796238537610193e-01 1.134259380875566547e+00
1.606547832961316757e+00 5.474016901624680909e-01
1.676716036191646664e-01 2.177699465279691715e+00
6.244776532534953573e-01 8.865057115122064735e-01
1.669123850479992122e-01 3.771751949924643910e+00
8.348862026749319654e-01 8.018118254630779429e-01
7.674888071702181680e-01 8.321356336277552224e-01
2.720302981734819547e-01 1.133728145028491507e+00
1.247785499596027803e+00 6.696043661163095795e-01
1.252716725360849992e+00 6.670031586820722724e-01
5.028518342762184901e-01 9.634847775792803048e-01
7.091903779590542634e-01 8.498962727314934851e-01
8.548536350479324364e-01 8.001096473663656949e-01
1.765019078362243032e+00 5.003117491891998503e-01
3.532690779348891530e-01 1.063937862413321556e+00
2.945660962854094733e-01 1.088862109220390728e+00
1.809637449308645563e+00 4.805738419879324597e-01
4.496455770512975958e-01 9.905320034997229239e-01
2.401321767897359460e-01 1.137995506059869877e+00
5.188462110563373253e-01 9.369253297900580479e-01
7.716069343454073914e-01 8.277981354887440357e-01
1.479954940272007136e+00 5.874813505143763326e-01
3.294743996546347642e-01 1.064682900841195323e+00
9.739635636028680654e-01 7.550916087064664106e-01
1.672213133126581042e-01 2.302946802412854321e+00
1.720364111214925273e+00 5.144020163557264658e-01
1.598139504532960498e+00 5.550554001094678558e-01
6.941438848470861123e-01 8.728663471868960411e-01
3.639845265162315879e-01 1.063047069972404168e+00
1.011837939022646626e+00 7.492344775437862481e-01
6.014155081933925118e-01 9.104070528378676030e-01
2.722411389141125015e-01 1.123774193584222258e+00
1.767293630914195557e+00 5.002340286995178298e-01
1.368564730276611741e+00 6.278585537092742364e-01
6.152366824223056696e-01 8.960595735862504352e-01
1.071362530227037979e+00 7.226563883722229020e-01
5.883661133911679553e-01 9.159399534874469451e-01
8.266201647201470992e-01 8.114371604849920372e-01
1.552106612673183506e+00 5.647209982336846013e-01
5.183296627305200577e-01 9.390703459827843824e-01
1.421986200488518648e+00 6.138916211215638130e-01
9.515967561141823738e-01 7.757808112152441149e-01
5.869562872572676726e-01 9.168080815770870418e-01
1.334759821106680011e+00 6.451117255902375502e-01
2.729321470286854567e-01 1.113481833903547935e+00
1.619403495152436756e+00 5.457082822563701363e-01
1.678969151832505613e-01 2.165635707429787615e+00
1.362658194259910971e+00 6.314012185628045115e-01
1.481547131750998947e+00 5.859462975881044589e-01
9.667427522515887883e-01 7.705890068341199051e-01
3.705013147271007390e-01 1.061668840077950149e+00
1.683613360047301555e+00 5.315000670826299789e-01
1.735005539776332428e+00 5.111573299046047181e-01
2.436736055810452273e-01 1.134954052399547164e+00
2.250078557176347638e-01 1.144129859162365204e+00
1.161510584421349357e+00 7.000138673061968575e-01
1.724475179878987297e-01 1.280471755636733544e+00
1.807412377211273125e+00 4.845704042150938973e-01
9.506134771081387047e-01 7.821529509806385283e-01
3.932097263926780939e-01 1.031883223543716754e+00
3.225118484977609334e-01 1.067193686705864453e+00
4.277217280484015283e-01 9.989239080529609405e-01
1.343275190146533404e+00 6.338123713893770717e-01
1.533606866069677110e+00 5.796605523077089650e-01
5.971775894083578562e-01 9.105134543103829969e-01
1.562167081901047361e+00 5.632660911450253494e-01
1.776055945271869607e+00 4.976111997655741082e-01
2.051167785865387061e-01 1.151472976244755975e+00
1.726378910226604169e-01 1.270583191301992043e+00
4.631531952578557543e-01 9.775039804875716998e-01
1.307761699410215694e+00 6.485973570841013780e-01
4.360020399957943438e-01 9.964336943137996894e-01
1.122616048783362075e+00 7.076791516461030662e-01
1.966056165034908987e-01 1.190420330183989739e+00
1.755656007047240896e+00 5.027470893500080029e-01
1.154146698483193845e+00 7.027407636676258340e-01
